357.9944193625885 336.67725511332765 71.11195560395834 364.49245795201875 423.2524952894917 
216.9267957012547 46.34306113617011 152.0368888362255 34.80479269240431 201.05379721404424 
414.21790500400533 241.51594576362882 578.6195114384319 143.65850668843623 421.0624054379672 
254.04245956825346 115.4605875267482 498.1799113160981 459.8963646578598 420.4356221482824 
362.46178026340954 534.7583466028475 440.35600258216766 433.8186840055994 211.35845195709965 
396.90409796743904 183.94594876184004 548.4444994971473 498.2207710320507 549.3159663985923 
234.4645988959 352.093003293075 489.53218791861667 119.19352962529884 423.4466372331085 
389.3841762707135 299.456865443914 583.3867162615654 280.4662780595848 563.3502222411363 
203.13978344290356 403.7265808428254 128.14523768298554 192.61086689486433 560.8833468338237 
562.8810357959718 51.70888729513052 551.49537072337 218.04421240800124 303.07907510272634 
82.93466517890518 70.45509130701662 395.4940339378465 320.0476256779072 288.33616734888733 
124.11032530688709 235.48798837455595 214.5043332345424 201.42693697700037 484.2751537924315 
317.7847246248 553.550387364956 188.907572858316 265.30411511969976 610.8615127413001 
244.3069563603239 290.61988669566654 539.1043440554718 473.0684183008555 472.13901016239896 
23.111948505258468 147.15703265449014 68.56509652044153 205.81034783905994 386.65769180741836 
386.89190969963585 312.8841873471319 221.91342469310206 465.5748687308325 199.75848245354308 
412.9647764323648 350.91798762090417 361.68511163102806 238.33778670532547 616.4999345187437 
597.1819305461053 150.75979747414277 139.8385274417094 535.4419119086011 135.26848136293984 
301.79551181986693 483.32105661290666 358.5087904361444 334.91312774401536 148.962902531918 
57.99328936959079 417.53643336296375 116.98433513265216 156.07256358774143 219.9221170000198 
122.51928080886611 292.7815492111896 63.40175252684173 64.5040200826646 430.1839607779176 
89.01444228806173 156.7257741344164 492.0387664188156 360.93930362479193 410.8070434165422 
448.3976148526294 593.7499196122707 429.0466003812063 345.07043005601645 510.31973651211587 
535.5957969914148 200.85378666485806 556.5879921275928 448.6516541091921 67.21475920298816 
145.93745070517156 379.1566467615716 60.09712128474381 533.348528287383 95.99613710189503 
154.1281621100803 559.6147136331535 415.0872064583905 576.3390191944444 118.69393722995359 
219.39540550947692 378.2799919105791 224.81341612838173 496.25737405742564 608.9510511626331 
356.45493754179734 63.01515150100197 391.2372018907595 76.15741503665004 145.5919411389592 
334.62527884624905 440.645921694817 459.09560395320284 138.092415732618 375.7169875566521 
524.7866635884706 368.5355057843498 173.28952021445147 131.87665706698948 189.41270082478275 
