19.677574402036537 99.54759788759226 474.76839916418567 323.202189737778 407.68971591072636 
335.898876227085 159.9431929237765 226.26796219907203 404.1381011084082 305.04228271221643 
230.9396324655269 114.82106276000103 408.64794127357453 130.29444341154124 259.3930383234017 
411.51718031265693 268.29362998593615 277.9958690035195 104.91666429686923 17.1546068914512 
189.98713864281623 227.17012078289295 284.53656772966036 121.21781992943764 313.5413126929131 
487.84628143076503 261.59049825951763 10.498376437404913 494.2364889622053 298.12285522824317 
265.41912576219397 268.3713751020811 468.7182900652946 455.05126895962957 378.17754264541423 
382.3055429967596 203.05492314470496 359.41710936089004 250.09532768844815 402.1851172190098 
346.7819991189151 479.49713797422555 429.5131773635227 417.0215446211716 341.7630022412571 
63.87029749557304 419.0242539989811 242.6332779817143 359.6936086896828 58.360761651731806 
194.04847651254568 337.87171040961 367.07787595611245 307.1912464192305 45.16769818362281 
91.97131398825636 241.5045352829796 243.42460109401986 230.5500456217833 250.60222934206482 
488.0514126409773 398.7718560459128 49.79154593958045 373.20333115405543 229.646169517426 
187.84491330491937 75.5029698348405 339.17399769112313 270.2114448886231 46.93183702127178 
403.9703118885226 45.502590738865194 154.4226008214649 132.3730677820275 411.2168395085723 
63.409825573860815 272.90608229718543 408.6165662548193 125.79477792328791 146.58520501335636 
186.70661232895517 81.02997544835199 454.63504321707154 108.594559334505 469.8512664937952 
453.5481088087285 123.28275926124908 212.03686982840597 493.83868147816423 416.23364109965854 
316.8470487639257 337.0284736604457 202.88132627367366 392.82935771440503 132.99297212730215 
321.59281662631554 53.72917630396511 203.37988779629723 83.30385474196987 491.533765793532 
418.90273029507694 422.00125073863296 504.3420812975753 22.370823706476628 377.16363193923786 
434.87613026492716 364.73657166233977 400.9140959573003 440.05094419783205 28.553164682136412 
79.62484927276208 379.05737987774063 388.31120045773395 463.62832769530047 68.77815127927849 
437.367341638196 17.050425673077786 113.88643133119874 419.7373535534664 401.0469595193002 
213.43618092614517 375.98106005275105 142.2881709784381 475.85142043446865 415.7777388577585 
179.73091918298837 125.60342475446078 96.53443512711334 127.81268554473235 54.110716730516586 
34.380833416160044 105.40329695673833 287.0277694274194 329.01484113207147 505.304152820956 
403.5606087194197 410.8424605029644 177.87179381660476 130.15602867283087 342.41101359275217 
69.48308881607772 331.1875906777271 336.9105246768181 248.0108658266387 359.3758056708144 
416.0963037004925 405.1335297008304 95.83900963194024 175.88646383787818 501.9957295866441 
